24437976118.4
8104124144.37
2761484735.42
1145839021.85
664666353.957
539933399.94
359012233.444
187011000.0
119478814.845
118982557.734
105759397.851
86144768.516
78888422.7763
71599800.0
71312393.3832
67543951.8169
67087400.0
65739000.0
65711407.7935
64514405.0
60670439.4866
58969138.3861
58563322.203
57743183.5749
57379261.5756
52632687.9939
45182317.229
44581264.9501
43943700.0
41215264.8549
36241288.568
36240733.5759
32133162.7096
30073505.3606
28889581.0084
27409998.728
24966688.32
24817320.1252
23057700.0
22153514.4663
20436580.3691
19279904.652
17084952.0199
16862586.8131
16243624.5299
16001874.1125
15500243.2844
14807645.0812
13641979.9171
12630054.2428
12477483.418
12130396.3984
11707461.4871
11186602.7108
10023078.1027
9840138.37885
9624647.95859
9495537.96517
9393456.33955
9225288.55895
9067053.43327
8856418.98326
8354053.17003
8318220.0
7948616.342
7896375.78719
7842905.98087
7180140.42808
7097684.17983
6981517.88919
6526057.5
6511953.21139
6225111.85156
6181183.32919
6114602.50568
5957154.27276
5749275.70778
5545820.17798
5329890.51032
4991250.74798
4796658.55075
4741615.7773
4659356.68734
4528563.1388
4375928.08694
5842582.0
5749275.70778
5545820.17798
5329890.51032
5281258.38308
4991250.74798
4867639.54887
4796658.55075
4746090.0
4741615.7773
4659356.68734
4528563.1388
4375928.08694
