858290000.0
294099000.0
144369000.0
244375000.0
24382200.0
10106000.0
13749800.0
4157690.0
2976900.0
9262500.0
2812680.0
2231430.0
4718410.0
1126980.0
452914.0
3203710.0
396653.0
237463.0
882310.0
98520.0
2119500.0
51814300.0
793281.0
959596.0
8347370.0
505722.0
2964080.0
8227910.0
730466.0
476408.0
1701290.0
63466.9
1832520.0
347880.0
2088690.0
6715690.0
256177.0
457520.0
2013990.0
106445.0
238705.0
67993.0
863410.0
54509.3
674788.0
519953.0
127396.0
1771550.0
130732.0
498969.0
121621.0
58163.2
517492.0
29514.7
155551.0
56646.3
425532.0
19062.8
194758.0
361350.0
230325.0
5154.59
528049.0
400265.0
2287240.0
238013.0
8780.43
93487.8
170076.0
197494.0
19261.7
203476.0
891632.0
77632.7
1317100.0
205162.0
61888.2
35399.3
19222.8
326304.0
171662.0
208071.0
177710.0
892910.0
328013.0
104634.0
205162.0
61888.2
35399.3
19222.8
242561.0
326304.0
116292.0
171662.0
1155.83
208071.0
177710.0
892910.0
328013.0
