26135555932.5
8986674162.59
3332082344.58
1314984245.85
710335799.921
703780912.204
395338699.527
197359800.0
130778886.518
128288079.969
124166805.28
90850263.5769
79068271.7493
78869111.0187
76681500.0
75764544.2184
74808086.7534
73656849.8378
73131800.0
72139200.0
66932060.0
64287095.39
63332172.3852
63182517.8706
60768041.4041
59188694.1738
53182579.58
50171496.4898
48021825.0
45256090.3011
42464567.6641
38762109.496
33332221.7942
32317349.7501
32157524.1108
29962343.208
27178414.38
26805202.5539
24966450.0
24284744.3158
23099912.1731
20462739.8823
19358280.4341
18775647.8088
17748558.5017
16462765.5634
16395528.2325
14907262.7767
14742024.9654
14351487.4656
13915868.1522
13081912.7907
13034547.7391
11565904.0148
10456619.014
10440620.9728
10010160.9145
9942157.36923
9791770.664
9724354.38428
9615993.75679
9522793.46652
9443080.15802
9070174.68215
8553120.0
8473547.72464
8464235.30225
7924516.97542
7738180.67474
7524493.76171
6958380.0
6766765.62645
6540893.376
6490203.8584
6290143.73824
6105396.61688
6084095.4583
6051175.49758
5918325.18096
5323137.35416
5219063.81479
5190438.93812
5120817.24013
4819517.04691
4813615.61415
4787772.58661
