1626.70
95.07
0.144984
30.08
0.119551
102.95
30.48
0.040447
17.36
0.001312
0.309878
104.73
0.546045
1.17
0.035474
10.13
17.18
0.823982
1.43
37.32
0.113906
0.630353
0.067292
0.002583
1.06
0.968695
2.39
7.97
0.629235
0.047196
0.055127
0.529280
266.74
0.072128
2.45
0.308219
0.768584
0.532341
0.524719
41.34
0.248841
0.147496
14.24
0.176269
6.97
0.201799
0.189184
5.69
0.210759
0.370682
0.042306
0.001739
6.66
18.28
0.163052
0.056026
0.145936
9.21
0.314063
2.13
0.339873
4.87
0.849651
0.010456
0.001123
2.41
0.687078
0.122989
5.33
0.372169
0.540715
0.127734
0.230449
0.583876
1.09
0.018203
0.018104
0.057539
11.88
1.66
0.339401
0.085774
2.75
1.93
0.003518
0.000013
0.120048
