1015300000.0
411987000.0
173830000.0
241984000.0
16766500.0
28240900.0
14431300.0
3890270.0
4451370.0
10192700.0
3152960.0
6180390.0
14089200.0
1795560.0
489690.0
1003520.0
1521530.0
3643970.0
530851.0
268094.0
103308.0
1052700.0
866724.0
2339850.0
702986.0
59464400.0
4178440.0
9321670.0
884309.0
4269590.0
560505.0
84451.3
2424000.0
2830680.0
434138.0
7471970.0
299276.0
608117.0
2967620.0
340643.0
119508.0
1095120.0
60316.0
785111.0
62072.4
155689.0
791876.0
153937.0
67607.6
1826070.0
776830.0
180237.0
578212.0
30031.7
155370.0
64378.1
216189.0
503257.0
12999.2
19274.5
684488.0
9884.26
353753.0
259863.0
410519.0
2432690.0
232268.0
134616.0
159129.0
196388.0
165671.0
1278350.0
1181410.0
23030.8
77369.7
41622.3
194778.0
72327.8
15133.4
306438.0
120514.0
212420.0
73987.2
213435.0
14043.6
61212.8
